10,167
10,217
10,163
10,181
10,211
10,17
10,221
10,2
10,3
11,15
9,7
9,1
9,5
9,3
148,5
148,4
148,3
8,18
148,2
148,1
8,7
8,9
148,0
147,5
147,4
147,3
147,2
147,1
147,0
146,6
146,5
146,4
146,3
146,2
146,1
146,0
145,5
145,4
145,3
145,2
145,1
145,0
144,5
144,4
144,3
144,2
144,1
144,0
143,4
143,3
143,2
143,1
143,0
12,3
12,2
12,1
11,29
11,28
11,27
11,26
11,25
11,24
11,23
11,22
11,21
11,20
11,19
11,18
11,17
11,14
11,13
11,12
11,11
11,10
11,8
11,7
11,6
11,5
11,4
11,3
20,2
11,2
20,1
11,1
20,3
10,313
10,312
10,296
10,295
10,292
10,291
10,290
10,286
10,285
19,2
19,1
10,284
19,3
10,278
10,277
10,273
10,266
10,252
10,250
10,246
10,238
10,232
10,228
10,214
10,205
10,204
10,194
10,186
10,183
10,180
10,179
10,134
10,124
10,120
