0,273
0,270
3,2
3,1
3,3
10,194
10,250
10,286
10,278
10,34
10,284
10,114
10,266
9,2
8,12
8,6
8,16
8,14
8,2
8,3
148,5
148,4
148,3
148,2
148,1
148,0
147,5
147,4
147,3
147,2
147,1
147,0
146,6
146,5
146,4
146,3
146,2
146,1
146,0
145,5
145,4
145,3
145,2
145,1
145,0
144,5
144,4
144,3
144,2
144,1
144,0
143,4
143,3
143,2
143,1
143,0
20,3
20,2
20,1
19,2
12,3
19,1
12,2
19,3
12,1
11,29
11,28
11,27
11,26
11,25
11,24
11,23
11,22
11,21
11,20
11,19
11,18
11,17
11,14
11,13
11,12
11,11
11,10
11,8
11,7
11,6
11,5
11,4
11,3
11,2
11,1
10,313
10,312
10,296
10,295
10,292
10,291
10,290
10,285
10,277
10,273
10,252
10,246
10,238
10,232
10,228
10,214
10,205
10,204
10,186
10,183
10,180
10,179
10,134
10,124
10,120
10,118
10,115
10,109
10,108
